574
308
544
80
90
808
754
870
248
424
742
748
84
122
224
862
424
446
318
240
938
1000
740
874
184
582
926
796
620
20
44
444
914
448
8
848
30
1000
570
250
524
850
360
512
704
498
108
450
692
362
168
730
714
34
328
960
486
774
112
180
712
868
62
664
12
988
944
490
904
268
374
208
346
946
770
972
540
946
454
940
228
60
112
152
848
912
974
770
72
608
906
86
548
658
752
482
88
180
130
176
894
696
166
582
990
98
126
726
598
360
666
854
660
306
214
38
292
534
22
140
758
102
918
242
220
986
308
358
602
654
362
146
292
902
202
640
260
138
98
104
264
808
740
408
252
872
758
480
812
996
942
828
704
522
454
732
580
730
588
234
296
430
136
484
118
606
840
136
32
622
320
240
106
288
440
60
234
690
204
484
422
992
562
930
560
644
868
984
754
424
964
250
940
718
98
546
648
174
448
924
984
732
690
860
440
866
560
432
188
58
718
602
412
604
622
286
188
702
544
924
420
988
904
578
528
450
928
398
746
298
296
628
306
200
152
276
820
650
902
302
860
400
352
660
748
30
618
362
642
12
666
838
8
296
790
96
866
464
420
144
396
550
72
994
788
510
796
356
142
282
858
824
206
240
800
734
308
228
66
406
742
314
842
776
838
512
140
382
328
892
934
220
158
754
28
982
168
26
400
34
596
202
538
84
314
246
210
588
132
330
18
450
332
834
512
74
92
294
228
134
384
536
954
662
970
188
80
212
746
58
110
830
570
178
84
720
882
576
444
544
986
908
612
892
888
672
178
700
938
200
132
498
826
166
866
596
92
344
1000
368
286
642
362
96
582
550
792
324
680
750
902
962
764
700
986
668
138
6
838
208
976
476
378
514
410
16
106
864
506
180
726
444
652
516
314
328
606
700
642
836
342
862
602
922
120
424
316
776
692
554
30
10
760
930
850
684
906
676
66
610
568
534
876
382
650
28
340
538
842
258
142
100
100
944
290
40
432
40
30
662
790
616
862
66
788
582
66
392
450
736
808
490
156
682
368
780
238
626
814
312
544
870
142
732
816
422
950
232
856
52
478
44
624
316
622
700
918
674
676
278
426
634
156
934
728
868
548
986
682
204
716
902
176
858
234
10
742
864
772
824
632
606
714
56
892
318
258
264
372
276
612
430
606
174
234
528
68
534
756
202
144
92
956
304
434
348
980
644
806
270
520
860
704
626
148
466
282
700
8
622
58
358
328
504
564
822
902
268
322
498
410
338
958
478
634
306
780
130
122
194
774
144
150
370
852
662
666
462
408
48
342
848
766
600
172
744
590
636
60
516
566
818
864
772
772
520
964
588
380
572
890
456
696
634
136
462
828
560
190
750
222
734
738
978
824
982
678
836
298
682
572
670
774
888
644
460
974
22
326
46
748
142
290
966
66
552
244
838
676
64
412
706
844
50
586
816
698
784
76
334
70
944
184
898
36
54
366
598
78
554
628
530
826
160
882
434
316
494
448
770
332
718
192
22
122
94
904
470
956
290
288
454
716
112
858
16
244
668
292
876
194
620
680
226
160
992
34
740
852
718
478
538
214
826
622
498
622
156
342
626
234
238
310
376
602
372
274
294
994
674
144
760
840
454
938
102
642
774
136
248
368
168
390
744
606
926
856
248
916
238
928
710
822
82
826
954
236
286
924
272
610
932
286
680
902
992
980
156
902
396
706
538
838
494
202
814
14
168
152
992
784
236
718
852
706
418
752
348
282
898
592
738
22
100
858
352
276
342
50
760
958
618
442
30
250
538
936
994
506
26
772
434
68
198
486
542
84
252
484
744
468
898
780
426
474
734
278
762
612
182
970
562
92
898
46
784
648
502
544
414
580
162
4
536
342
680
384
644
904
744
422
458
158
42
452
812
848
548
116
680
260
978
604
386
898
582
734
292
672
440
618
164
960
