	2 392712621
	4 442407028
	5 712676212
	7 297241726
	9 565866886
	8 166566516
	8 865826206
	5 414586306
	5 716118757
	3 565866886
	4 231215421
	3 696500077
	2 583643771
	2 392516252
	0 762256824
	0 716646345
	2 631431046
	3 398768266
	3 631283182
	3 392746060
	0 824238334
	1 397618418
	4 267505842
	2 281685640
	5 212763810
	3 281685640
	4 392746060
	2 716573357
	5 392746060
	1 716481028
	4 796823702
	1 394301623
	1 361206275
	5 716573357
	1 431546527
	2 394535174
	2 138100078
	0 281685640
	5 565866886
	3 113207278
	2 281685640
	4 375480805
	3 565758448
	2 714346720
	2 716573357
	3 715704877
	2 881157107
	6 473177057
	0 714346720
	6 412410573
	5 478630720
	4 867323353
	0 767445223
	0 688861311
	4 477337448
	6 418861311
	3 221623208
	5 165555618
	1 614761384
	4 682503335
	2 646830328
	1 713544421
	2 874533786
	6 528208481
	1 173583677
	9 622713308
	5 391505271
	8 424408282
	4 783426333
	8 385641234
	4 472184487
	8 432752572
	5 134771866
	4 718243750
	2 284424535
	3 661836544
	6 565866886
	9 822587003
	5 268587300
	4 734468211
	1 263134032
	4 712272350
	9 713563064
	1 682524752
	1 484566325
